{"weights":[0.05337609428542924,0.24810682565075154,0.03074199017992619,0.029496818524977667,0.013060745188876975,0.010810904091777356,0.020540269881368468,0.11168406004200773,0.07165990140159977,0.025786900022842847,0.032314504709682,0.042793061941746924,0.10494431985057653,0.041625131444997944,0.027612655050590035,0.13544581773285116],"means":{"rows":16,"cols":3,"data":[166.71320208397384,182.98980683290347,178.56283247287504,95.88463353449964,120.68061771201877,55.27356790313632,29.194064051289942,100.22708584218941,173.30542891919143,102.32471414168586,131.4679608925271,66.35980610695732,128.82959387797752,97.39033936927832,103.52175962712026,205.5786102883084,127.22272458368852,110.62441901191238,108.56549798732452,134.1932099517458,84.03325694516137,106.35107968111444,135.90687760677142,70.48282709209741,111.17265855055923,142.24854403791974,76.95029070254114,102.74919999028384,133.01411830823335,72.81613630584458,108.86421462234115,139.08271824170393,76.9669803121505,99.99150840698731,128.2170611355004,62.12195018090297,103.83364807114444,132.7336408674821,67.60114137585232,100.87401529537988,130.24521501185114,66.05141575941472,123.92035483910003,148.63979996449225,101.02896550983944,100.52752396749855,127.9191581981053,62.773187917841355]},"covars":[{"rows":3,"cols":3,"data":[3373.0909033976054,2232.2954096395515,1949.1327904860282,2232.2954096395515,2194.190919970031,2034.3442848864931,1949.1327904860282,2034.3442848864931,2719.234990621215]},{"rows":3,"cols":3,"data":[18.355797839805827,17.47670248261037,23.086861801765583,17.47670248261037,23.921965589789668,25.429543065516626,23.086861801765583,25.429543065516626,34.72958336414587]},{"rows":3,"cols":3,"data":[621.6927155914093,-16.114401029804416,-501.91557569190553,-16.114401029804416,837.2992805917814,1301.4851002001433,-501.91557569190553,1301.4851002001433,2692.7469317536516]},{"rows":3,"cols":3,"data":[42.47677167972186,55.502122782378756,52.518490556423444,55.502122782378756,83.82484451156905,71.07586246885965,52.518490556423444,71.07586246885965,91.45959878220847]},{"rows":3,"cols":3,"data":[3306.8248319280156,-2450.0490360961335,-3098.000897857596,-2450.0490360961335,3990.6626994416188,4728.818286174009,-3098.000897857596,4728.818286174009,5802.048065486408]},{"rows":3,"cols":3,"data":[1416.9550723335365,85.97027363028887,439.3959385763696,85.97027363028887,452.03835924383844,568.7576816024274,439.3959385763696,568.7576816024274,995.6566276481167]},{"rows":3,"cols":3,"data":[192.69207950950076,108.72190381481447,115.69545284723873,108.72190381481447,142.75232484083784,115.29085099708126,115.69545284723873,115.29085099708126,238.26311042954816]},{"rows":3,"cols":3,"data":[93.31648934885814,118.30154414490531,125.32063963255115,118.30154414490531,156.92650424159416,161.00030548959364,125.32063963255115,161.00030548959364,178.67564728440453]},{"rows":3,"cols":3,"data":[98.440191342277,112.68221338808799,123.56580071541728,112.68221338808799,133.20232152934867,140.9621760097036,123.56580071541728,140.9621760097036,175.2455656863771]},{"rows":3,"cols":3,"data":[68.04441081188301,82.64687252263792,78.85222848660666,82.64687252263792,126.75831280158818,111.96121783425149,78.85222848660666,111.96121783425149,147.22989137780112]},{"rows":3,"cols":3,"data":[88.5676566951933,103.95129824926245,116.82819953121073,103.95129824926245,135.41326306473408,140.48367325729325,116.82819953121073,140.48367325729325,188.6129763318762]},{"rows":3,"cols":3,"data":[35.915082287234554,47.454532847891016,44.73113151925691,47.454532847891016,72.54079553644098,61.3776790542312,44.73113151925691,61.3776790542312,73.85718927604482]},{"rows":3,"cols":3,"data":[73.06032504558856,94.401589850059,102.0767594432579,94.401589850059,129.1124517405457,134.34585087528308,102.0767594432579,134.34585087528308,153.15178813903785]},{"rows":3,"cols":3,"data":[48.41623034732171,61.28695482712227,54.96375280675249,61.28695482712227,86.2558726881447,74.23693137458827,54.96375280675249,74.23693137458827,95.30346354579214]},{"rows":3,"cols":3,"data":[1608.2781784375954,1743.4927695449235,1452.7867823602278,1743.4927695449235,1944.0494161212775,1564.4127087235188,1452.7867823602278,1564.4127087235188,1392.5025861577703]},{"rows":3,"cols":3,"data":[46.56328665429964,59.65615569818649,67.63726625186159,59.65615569818649,85.24408299137939,90.11759304150546,67.63726625186159,90.11759304150546,106.90967059760473]}],"kernel_class":[0,1,0,1,0,0,1,1,1,1,1,1,1,1,0,1]}