{"weights":[0.044542900145196795,0.02097191948003464,0.038030301850277226,0.13819983245021536,0.014544839577202344,0.0445245394996704,0.18854686546538793,0.16432465990908668,0.039973313898096705,0.056453317570236666,0.08581024163200081,0.042357175011755385,0.02387461345513786,0.03481354526584377,0.010552116627040966,0.052479818162792645],"means":{"rows":16,"cols":3,"data":[140.18913623947972,121.87664389240054,128.08822820020802,109.61182899099879,131.37904770156644,93.00272508431523,111.605665015509,133.51561450916972,88.7302663022334,84.27388867028046,100.76664640507036,67.01420932822597,101.99958160851216,125.29983015525026,81.08855404292471,67.03470353734257,120.35422206011971,178.46734296414004,97.47601704490046,123.78811724612153,58.08569884859845,103.91383795772637,132.52470786148186,67.41238991432157,107.23061512908133,132.5302662816264,77.76659144935185,201.82490283842247,212.0832445821131,174.65978407534507,112.89502889738664,111.23816781228577,122.27396147887184,93.19586078202778,113.69348013498949,71.72085183895946,109.88565362111859,130.1850591427736,91.42607641773735,124.97007676023986,149.01818861926222,95.13866904222158,86.47518007460688,101.19173609034662,74.58226354768631,102.83976627219194,125.39134982551187,79.7683089262336]},"covars":[{"rows":3,"cols":3,"data":[3615.2464379647176,1101.7399580782562,593.091107137962,1101.7399580782562,2892.8352643795765,2989.1046207009576,593.091107137962,2989.1046207009576,3436.469257308315]},{"rows":3,"cols":3,"data":[447.3693460778331,349.94544175674696,224.81367461030683,349.94544175674696,430.9956331819188,247.26298885849863,224.81367461030683,247.26298885849863,389.58054157181834]},{"rows":3,"cols":3,"data":[99.44351180776783,90.88086963919028,137.16009303267148,90.88086963919028,108.35005262990519,104.07020674422834,137.16009303267148,104.07020674422834,262.79953956413266]},{"rows":3,"cols":3,"data":[105.35631127566663,130.26386634840082,89.27906180449416,130.26386634840082,164.79033864096857,103.85166417657256,89.27906180449416,103.85166417657256,96.99827167614927]},{"rows":3,"cols":3,"data":[160.16240622265528,205.7427404548549,120.57352480640088,205.7427404548549,294.66743598654455,134.55624486763284,120.57352480640088,134.55624486763284,149.171580002448]},{"rows":3,"cols":3,"data":[1664.711145121542,372.2633616027059,-660.7006738634357,372.2633616027059,434.5529104786121,381.3191907218493,-660.7006738634357,381.3191907218493,1191.0698020830732]},{"rows":3,"cols":3,"data":[28.457713970509484,35.24915370447927,39.486138163320724,35.24915370447927,52.789716179878305,52.79944978648245,39.486138163320724,52.79944978648245,64.61002251209091]},{"rows":3,"cols":3,"data":[83.10027823132539,109.54122911304076,116.1772636527312,109.54122911304076,153.916552523565,157.84249969632162,116.1772636527312,157.84249969632162,172.04769091763296]},{"rows":3,"cols":3,"data":[63.47186120460067,72.35076589327002,87.37196151858119,72.35076589327002,118.01043136545168,71.0192392796199,87.37196151858119,71.0192392796199,187.45108963047662]},{"rows":3,"cols":3,"data":[924.357477668004,785.9055384424884,380.9924457261604,785.9055384424884,854.6738194696883,346.2324403910915,380.9924457261604,346.2324403910915,1314.7191154345383]},{"rows":3,"cols":3,"data":[1593.462792157381,1461.292541639777,1304.4162417092061,1461.292541639777,1452.5389726628737,1358.0934451908524,1304.4162417092061,1358.0934451908524,1587.9577763825698]},{"rows":3,"cols":3,"data":[150.90810760804698,209.9156361204828,86.29533513913407,209.9156361204828,304.13168887203585,100.23591990026497,86.29533513913407,100.23591990026497,105.06805623140306]},{"rows":3,"cols":3,"data":[218.52599350555784,224.5780414781368,212.98549605923316,224.5780414781368,246.57112215200888,209.64110266937163,212.98549605923316,209.64110266937163,251.89128484522146]},{"rows":3,"cols":3,"data":[383.28209062860265,321.2168545022486,359.9015499647754,321.2168545022486,312.7761685224428,309.5080253156664,359.9015499647754,309.5080253156664,399.0828940371746]},{"rows":3,"cols":3,"data":[472.0206202535635,577.902367540994,336.2208063981921,577.902367540994,781.9512343592784,321.9882160065708,336.2208063981921,321.9882160065708,400.89964258189457]},{"rows":3,"cols":3,"data":[69.61507252552452,91.38486113008462,56.106580843550354,91.38486113008462,142.1249062145131,40.36885625606157,56.106580843550354,40.36885625606157,136.2624627326486]}],"kernel_class":[0,1,1,1,1,0,1,1,1,0,0,1,1,1,0,1]}