{"weights":[0.029186505099359578,0.04320778939155696,0.3368626269338622,0.07028266859701644,0.027364963091120745,0.07098695078978712,0.35937628082122663,0.06273221527612317],"means":{"rows":8,"cols":3,"data":[221.65910225711724,230.22954524834515,170.40772947004464,137.2594185818339,147.7637759460464,115.81491419377573,94.80997017330384,116.38819746154579,69.43194714407078,106.98183093216089,118.10767627254157,97.03024977423547,49.029469550252955,125.57022717428347,199.7525004706459,119.43950850579758,110.8319667051,127.30538413149436,100.72817346568354,126.85426579341397,66.706760858376,144.72560095769487,152.35234846960316,155.44424939036787]},"covars":[{"rows":3,"cols":3,"data":[412.0640746892248,247.36699644014547,313.0353062562328,247.36699644014547,326.98176221044673,211.72518563265098,313.0353062562328,211.72518563265098,736.9807119908586]},{"rows":3,"cols":3,"data":[1077.5782763107632,744.4197766885862,710.2135763083543,744.4197766885862,781.2267950587575,476.4703929005156,710.2135763083543,476.4703929005156,739.6885213889974]},{"rows":3,"cols":3,"data":[188.3817255122976,249.68369528640244,126.65688299671977,249.68369528640244,350.27577998598576,134.972974749171,126.65688299671977,134.972974749171,187.63639171965676]},{"rows":3,"cols":3,"data":[957.7276068912764,1093.2968343843083,549.3865230619101,1093.2968343843083,1402.7508405867409,560.2072382954258,549.3865230619101,560.2072382954258,534.5100847120864]},{"rows":3,"cols":3,"data":[854.8828561905565,502.55544592401714,-6.375894566541288,502.55544592401714,573.3765050017233,288.8132747572793,-6.375894566541288,288.8132747572793,419.342637518681]},{"rows":3,"cols":3,"data":[3184.8384020886333,1025.6296251657125,286.27964979248577,1025.6296251657125,1907.3814603017581,1928.5270682318,286.27964979248577,1928.5270682318,2434.7249546386915]},{"rows":3,"cols":3,"data":[74.93823903020966,98.70019327087557,87.62808180979464,98.70019327087557,148.34950437882375,99.91998003023008,87.62808180979464,99.91998003023008,175.3506081197431]},{"rows":3,"cols":3,"data":[1766.5594676087605,1762.5528889985035,1840.0026503642673,1762.5528889985035,1921.5011150043779,1881.5078097595383,1840.0026503642673,1881.5078097595383,2604.191067030846]}],"kernel_class":[0,0,1,0,0,0,1,0]}