Some(Matrix { rows: 16, cols: 3, data: [112.15916913320332, 140.31154708340998, 88.38574487377088, 106.74914732842679, 136.30502962300483, 78.05189903479945, 99.81821296263622, 126.28256900725769, 61.86037476630103, 96.15254159139403, 119.95436064766189, 55.218009336937136, 103.89686392662314, 134.35742884620143, 71.22167121596486, 129.01129001012515, 153.58533968280062, 108.62804723516737, 110.80193795324048, 142.62452696460332, 77.45013216636819, 179.21689878061696, 192.29633570334167, 184.81195240349345, 105.88084931947864, 136.697288317778, 69.89450232639864, 128.90792773890692, 19.825441069223032, 23.783117017360368, 93.52702045852729, 117.84910312856009, 51.28681058175473, 50.04120186067467, 113.8373814476343, 162.27614247258887, 102.65743426199178, 131.37630953328136, 66.64048816510562, 171.82376023453412, 154.82583797231305, 158.35873458023812, 99.41547276292448, 126.07656695250962, 61.00996193566925, 107.01590028543892, 137.39479783823168, 71.85622115605588] })
Some([Matrix { rows: 3, cols: 3, data: [277.4348663035351, 258.08649875934583, 236.72030339221809, 258.08649875934583, 306.2277138138557, 265.46671932720346, 236.72030339221809, 265.46671932720346, 278.35636087603604] }, Matrix { rows: 3, cols: 3, data: [158.61316806130287, 168.2630632016461, 162.17169657521245, 168.2630632016461, 209.65301243049097, 184.5486097642615, 162.17169657521245, 184.5486097642615, 196.4876118724087] }, Matrix { rows: 3, cols: 3, data: [27.889558336747, 27.541331355282143, 34.31716331463677, 27.541331355282143, 34.79416431439025, 39.650067124957395, 34.31716331463677, 39.650067124957395, 49.838769865164565] }, Matrix { rows: 3, cols: 3, data: [22.100217241793395, 20.775328889028206, 24.69637444199134, 20.775328889028206, 24.008753538742063, 24.607378737332834, 24.69637444199134, 24.607378737332834, 31.09738025302366] }, Matrix { rows: 3, cols: 3, data: [55.9587702463897, 70.54580613592509, 65.50697820164696, 70.54580613592509, 100.15151113940473, 85.784857200781, 65.50697820164696, 85.784857200781, 103.7754440293377] }, Matrix { rows: 3, cols: 3, data: [2244.327988291682, 2502.530586402974, 1939.8316098940506, 2502.530586402974, 2889.995118607146, 2185.3342795030317, 1939.8316098940506, 2185.3342795030317, 1858.2059722830913] }, Matrix { rows: 3, cols: 3, data: [75.58168147889533, 92.66949854974861, 99.75659557633148, 92.66949854974861, 117.55077910877573, 122.28696268657862, 99.75659557633148, 122.28696268657862, 142.2713240900223] }, Matrix { rows: 3, cols: 3, data: [2464.8238824978835, 2229.94483298321, 2334.1641112354546, 2229.94483298321, 2108.99186000545, 2205.0712224242407, 2334.1641112354546, 2205.0712224242407, 2632.1070164466532] }, Matrix { rows: 3, cols: 3, data: [36.263655817336485, 46.59289355285622, 47.941778797464536, 46.59289355285622, 65.21751905033565, 61.44139058477413, 47.941778797464536, 61.44139058477413, 86.54148908542344] }, Matrix { rows: 3, cols: 3, data: [6237.43387851996, 396.5689231829001, -775.7792502480153, 396.5689231829001, 173.34535781941773, 102.52770759070408, -775.7792502480153, 102.52770759070408, 344.64826695620997] }, Matrix { rows: 3, cols: 3, data: [7.041724611123597, 5.4672430591151695, 8.345811592811941, 5.4672430591151695, 8.02023834853501, 5.662832205832598, 8.345811592811941, 5.662832205832598, 14.715052734438604] }, Matrix { rows: 3, cols: 3, data: [1886.5581314026224, 540.8495077411034, -1519.435508001626, 540.8495077411034, 649.0395996430259, 176.71529259670754, -1519.435508001626, 176.71529259670754, 2644.8098826127134] }, Matrix { rows: 3, cols: 3, data: [34.82050753596064, 43.62326519332813, 50.68796672905365, 43.62326519332813, 66.88900825629962, 66.28611404833242, 50.68796672905365, 66.28611404833242, 82.68692344236504] }, Matrix { rows: 3, cols: 3, data: [3721.5814201770513, 357.61353343462997, -375.47207446394066, 357.61353343462997, 2427.7489525955757, 2623.8623957564146, -375.47207446394066, 2623.8623957564146, 3369.653769437324] }, Matrix { rows: 3, cols: 3, data: [27.064136614007094, 26.322253312780386, 30.776746993592102, 26.322253312780386, 33.50396392459311, 34.44820360472432, 30.776746993592102, 34.44820360472432, 46.63244436924706] }, Matrix { rows: 3, cols: 3, data: [97.66576529595872, 106.39277656125392, 113.40366789680878, 106.39277656125392, 117.10854370235865, 121.65408786277948, 113.40366789680878, 121.65408786277948, 143.71198316890263] }])
Vector { size: 16, data: [0.02521864422055877, 0.03384227151669604, 0.10573810028872405, 0.10431703522977383, 0.044142596769916616, 0.02220180881412819, 0.08903452338857411, 0.026812306245802185, 0.07214433909934181, 0.0052547295499295816, 0.14656249749621084, 0.04060703348254019, 0.07587125594959183, 0.03572441330979591, 0.05656288456920093, 0.11596556006924497] }